M: 304865	D: 2.16012e+06 ms.
M: 304865	D: 2.16012e+06 ms.
